308;-122.7948217;45.5352862
727;-122.8097367;45.5259740
1204;-122.8138049;45.4934140
1963;-122.7697922;45.4996043
2066;-122.7665989;45.4987891
2002;-122.7651270;45.5357740
1355;-122.8078799;45.4926962
1487;-122.8110173;45.5280346
1272;-122.8130963;45.5280393
1728;-122.8091571;45.5280288
87;-122.7894385;45.4969321
2063;-122.7335980;45.4998280
1334;-122.7742485;45.5224101
1493;-122.7649486;45.5320792
1681;-122.7830057;45.5326326
1494;-122.7651701;45.5319613
719;-122.7608336;45.5066937
1058;-122.7826060;45.4902210
813;-122.7842773;45.5079707
809;-122.7882139;45.5332354
808;-122.7881998;45.5335706
399;-122.7521563;45.4967076
396;-122.7531809;45.4982532
260;-122.7847212;45.5063193
395;-122.7520754;45.4980377
427;-122.7911891;45.4988074
454;-122.7771769;45.5287523
41;-122.7772125;45.5279983
1682;-122.7832189;45.5329357
1393;-122.7896393;45.5313852
232;-122.7608309;45.4956891
874;-122.7928260;45.5290463
146;-122.7440287;45.5346251
1177;-122.7767340;45.5298786
996;-122.7718289;45.5187391
1988;-122.7718274;45.5183411
799;-122.7970871;45.5326022
156;-122.8024173;45.4910563
798;-122.7947544;45.5325687
655;-122.7912804;45.4954439
1944;-122.7910667;45.4987814
1696;-122.7831843;45.5204822
1698;-122.7870889;45.5221705
1166;-122.7939620;45.5290594
555;-122.7570106;45.5033765
1066;-122.7767111;45.5231472
1065;-122.7774672;45.5217791
1147;-122.7620444;45.5080085
1146;-122.7615144;45.5078753
391;-122.7604028;45.5039031
2009;-122.7629250;45.5368770
1267;-122.7856323;45.5325764
1498;-122.7454813;45.4897243
864;-122.7696517;45.5062836
1268;-122.7869180;45.5326130
2129;-122.7480284;45.5065799
630;-122.7393480;45.5007040
1115;-122.7963715;45.5229306
335;-122.7412040;45.5010790
542;-122.7456605;45.5067447
692;-122.7483014;45.5177879
1563;-122.7559431;45.5035902
508;-122.7483839;45.4998054
414;-122.7448944;45.5224864
549;-122.7518668;45.4990397
548;-122.7505806;45.4983364
546;-122.7467880;45.5019144
775;-122.7801954;45.5073168
772;-122.7808319;45.5062828
360;-122.7514280;45.5328890
550;-122.7605844;45.4979400
509;-122.7581818;45.4973156
551;-122.7623984;45.4982303
865;-122.7547142;45.5058108
868;-122.7491795;45.5065459
1948;-122.7608595;45.4961880
915;-122.7826506;45.5012736
916;-122.7856043;45.5012809
664;-122.7670111;45.5220613
961;-122.7741542;45.5013991
1416;-122.7753090;45.5014052
322;-122.7589362;45.5038631
323;-122.7589414;45.5033188
407;-122.7778690;45.4946988
983;-122.7660120;45.5354670
211;-122.8047780;45.5043537
212;-122.8042277;45.5036688
929;-122.7464618;45.4893037
206;-122.8062158;45.5087365
278;-122.7789465;45.5046166
205;-122.8058796;45.5095119
202;-122.8048700;45.5118125
279;-122.7800634;45.5046945
2;-122.7373140;45.4979641
856;-122.7618160;45.5313870
1106;-122.7483799;45.5170773
620;-122.7621380;45.5321020
1950;-122.7389409;45.5136886
896;-122.7705912;45.5088032
1725;-122.7680313;45.5350859
2014;-122.8082521;45.4911114
680;-122.7266430;45.5083920
1341;-122.7733940;45.5201422
1735;-122.8012102;45.5333769
1737;-122.8011972;45.5327840
1736;-122.8018838;45.5333750
679;-122.7291220;45.5069410
567;-122.8126174;45.5091288
385;-122.8040203;45.5196508
182;-122.7721558;45.5331652
1344;-122.7723918;45.5325907
13;-122.7362987;45.4954534
347;-122.7665847;45.5195571
1495;-122.7376590;45.4956960
1401;-122.7708207;45.4900030
1534;-122.7376640;45.4962060
1921;-122.7726319;45.4899501
151;-122.7943431;45.5135001
466;-122.7894493;45.4937636
1636;-122.7911936;45.4937583
822;-122.7398280;45.4925370
423;-122.7595874;45.5236687
1380;-122.8055775;45.4936661
1356;-122.8071588;45.4933377
8;-122.7845438;45.5125719
1750;-122.8112326;45.5044080
1749;-122.8086979;45.5035172
1688;-122.7978173;45.5068171
1120;-122.7495700;45.5308571
1378;-122.8034599;45.4936996
133;-122.8022087;45.4937264
2017;-122.7547407;45.4866543
44;-122.7267260;45.4980010
854;-122.7642775;45.5331847
1100;-122.7328390;45.4973650
387;-122.7259336;45.4939032
1870;-122.8132509;45.5004006
1099;-122.7328377;45.4979441
884;-122.7650352;45.5238591
880;-122.7871182;45.5240061
881;-122.7915608;45.5240331
447;-122.8082831;45.4908452
1711;-122.7757435;45.5273413
1712;-122.7728939;45.5277682
1871;-122.8178156;45.5015714
886;-122.7679180;45.5240631
283;-122.7661454;45.5239995
1850;-122.7905755;45.5347304
1102;-122.7338687;45.4963660
977;-122.7592528;45.5077823
1101;-122.7330941;45.4968722
383;-122.7942291;45.5142194
1241;-122.7454361;45.4976501
1516;-122.7283500;45.5114860
289;-122.7701763;45.5253281
290;-122.7712884;45.5253355
1861;-122.7977462;45.4937490
974;-122.7690600;45.5334949
1396;-122.8018702;45.4937115
1377;-122.8025132;45.4937056
1363;-122.7934262;45.4938039
1362;-122.7925908;45.4937677
19;-122.7775811;45.5254972
135;-122.7518936;45.5057983
295;-122.7794883;45.5250578
686;-122.7728106;45.5268355
685;-122.7720319;45.5267393
1724;-122.7653766;45.5327959
713;-122.7750088;45.5312154
1360;-122.7674849;45.5325602
1593;-122.7663965;45.5327916
1352;-122.8017987;45.4901918
1465;-122.7661076;45.5255111
1464;-122.7651123;45.5256992
1463;-122.7645094;45.5257082
1940;-122.7295377;45.5100430
648;-122.7630690;45.5297832
375;-122.8106367;45.5331966
1467;-122.7688952;45.5251481
999;-122.7776677;45.5183497
1002;-122.7819944;45.5182445
946;-122.7854511;45.5182533
1003;-122.7843977;45.5182502
1000;-122.7793473;45.5188809
1033;-122.7401650;45.4943700
11;-122.7342195;45.4954440
1579;-122.7662187;45.5263722
1844;-122.7458270;45.5038861
390;-122.7943419;45.5140707
1939;-122.7498590;45.5158657
17;-122.7264888;45.4950031
1210;-122.7461582;45.5128823
714;-122.7752393;45.5312418
532;-122.7268776;45.4943431
386;-122.7273513;45.4935281
533;-122.7277472;45.4928262
678;-122.7285970;45.5057770
1084;-122.7638237;45.5050121
1733;-122.7600160;45.5254400
1525;-122.7281560;45.5063520
1938;-122.8156846;45.5230031
716;-122.7775827;45.5312534
895;-122.7727053;45.5090733
848;-122.7672515;45.4881976
1836;-122.7478978;45.5022808
2136;-122.8074776;45.5082926
1576;-122.7509660;45.5274680
1051;-122.7655272;45.5050887
1577;-122.7523850;45.5285610
1085;-122.7647464;45.5050834
1104;-122.7349930;45.4926590
1103;-122.7344508;45.4930562
1633;-122.7714731;45.5227404
1710;-122.7715494;45.5223012
1838;-122.7491464;45.5034155
76;-122.7302879;45.4884119
1837;-122.7483957;45.5027327
1092;-122.7343820;45.5025360
1245;-122.7927862;45.5228481
112;-122.8139224;45.5061849
111;-122.8133760;45.5066079
209;-122.8059203;45.5057337
1680;-122.8101642;45.5066104
684;-122.8123454;45.5070479
1679;-122.8150275;45.5080066
307;-122.7933664;45.5352726
1904;-122.7933636;45.5344953
1461;-122.7651226;45.4920529
1433;-122.7445527;45.5084655
1460;-122.7653154;45.4963525
1122;-122.7616591;45.5124447
1883;-122.7615315;45.5150375
1266;-122.7805879;45.5231512
1221;-122.7742862;45.5231497
2130;-122.7708082;45.5338896
302;-122.7936459;45.5138157
869;-122.7638149;45.5080836
338;-122.7399500;45.4984680
1537;-122.7964567;45.5054935
1198;-122.7632428;45.5083135
175;-122.7350200;45.4999870
917;-122.7787473;45.5014177
1093;-122.7335960;45.4994230
900;-122.7289346;45.5177152
1603;-122.8133734;45.5033231
1283;-122.8130877;45.5039783
1832;-122.8117346;45.5054820
1833;-122.8126376;45.5043412
1816;-122.7826099;45.4991358
1173;-122.7854123;45.4991809
1161;-122.8113206;45.5092013
643;-122.7374545;45.4947183
890;-122.7528613;45.4956244
1373;-122.7863078;45.5053049
1320;-122.8014960;45.5320319
1858;-122.7707323;45.5183225
995;-122.7707296;45.5187323
527;-122.7595539;45.5115673
907;-122.7583275;45.5119946
928;-122.7474392;45.4901481
1142;-122.7479046;45.4901506
681;-122.7242890;45.5060680
1009;-122.7622993;45.5335274
1695;-122.7227547;45.5207094
855;-122.7624390;45.5325820
1144;-122.7425135;45.4908214
1152;-122.7975555;45.5080115
1138;-122.7659718;45.5173867
108;-122.8071706;45.5182623
1419;-122.7752286;45.4986264
1917;-122.7784943;45.4986274
1937;-122.7785181;45.4989894
717;-122.8078963;45.5286647
718;-122.8068241;45.5286519
2065;-122.7587928;45.4991402
311;-122.7327490;45.5086412
183;-122.7704744;45.5331217
1970;-122.7634830;45.5236170
416;-122.7543648;45.5249349
2092;-122.8151678;45.5074824
1325;-122.7899022;45.5129532
1081;-122.7752443;45.5360241
339;-122.7419780;45.4961897
753;-122.7720700;45.5279666
754;-122.7714953;45.5279910
1409;-122.7394910;45.4883190
1457;-122.7868653;45.4919800
2116;-122.7954833;45.5152377
1829;-122.7422783;45.5159486
1189;-122.7962256;45.4897128
941;-122.7866360;45.5310025
950;-122.7946833;45.5304791
184;-122.7396450;45.4967600
341;-122.7432441;45.4944463
1299;-122.8078533;45.5348163
1300;-122.8072585;45.5346464
50;-122.7582411;45.5060694
765;-122.8061621;45.5346302
268;-122.7653667;45.4937866
248;-122.7457522;45.5150256
1403;-122.8107267;45.4922854
1522;-122.8107386;45.4920372
1337;-122.7782150;45.5338700
1080;-122.7771477;45.5365642
1202;-122.8105932;45.4931291
234;-122.7636320;45.4938460
918;-122.7889094;45.4903670
266;-122.7577735;45.4932610
267;-122.7594627;45.4933311
120;-122.8084195;45.4971663
790;-122.8101624;45.4941595
699;-122.7509146;45.5134040
1591;-122.7726985;45.5356824
220;-122.8058983;45.5013601
1535;-122.7379520;45.4963080
953;-122.8071064;45.4993917
1109;-122.8073728;45.4989449
1384;-122.7292710;45.4927820
213;-122.8035472;45.5028402
1515;-122.7296989;45.5134749
1975;-122.7856593;45.5248997
410;-122.7495193;45.5114847
336;-122.7406990;45.4998551
1610;-122.7966117;45.5064862
1609;-122.7984971;45.5048853
804;-122.7833956;45.5155112
1404;-122.7842251;45.5155341
1897;-122.7846285;45.5156041
501;-122.8099652;45.5127320
623;-122.8113878;45.5164714
2022;-122.7418658;45.5005724
2024;-122.7419627;45.5006318
1611;-122.7961363;45.5077240
1411;-122.7953970;45.5095729
1613;-122.7953774;45.5116239
500;-122.8081862;45.5139977
1600;-122.7869577;45.5001673
1875;-122.7464527;45.5178442
109;-122.8061770;45.5171202
624;-122.8125025;45.5164645
1851;-122.7905902;45.5362147
1553;-122.7862275;45.4980988
1309;-122.7478817;45.5237493
1343;-122.7272852;45.5149986
309;-122.7441052;45.5076715
903;-122.7538543;45.5150963
243;-122.7471696;45.5153002
1028;-122.7663897;45.5321470
1361;-122.7661893;45.5322053
242;-122.7471381;45.5137860
413;-122.7424834;45.5211599
1979;-122.7914605;45.5030695
1799;-122.7310549;45.5173545
1586;-122.7639390;45.5009734
976;-122.7662595;45.5071441
1969;-122.7627498;45.5009346
1476;-122.7626111;45.5009307
2007;-122.8038382;45.5371790
1768;-122.7825137;45.4956202
227;-122.7614356;45.5008968
1910;-122.7618030;45.5009269
1454;-122.7825052;45.4928663
1658;-122.7594996;45.5008799
1747;-122.7359749;45.5195603
389;-122.7606662;45.5008967
2082;-122.7582548;45.5038453
1358;-122.7582967;45.5048997
1231;-122.7735956;45.5240041
1232;-122.7732118;45.5236038
1237;-122.7658089;45.4920707
1503;-122.7667089;45.4941054
269;-122.7666997;45.4937273
669;-122.7777400;45.5343821
519;-122.7668483;45.4980529
1509;-122.7667669;45.4961592
1131;-122.7774604;45.5350317
2114;-122.7771260;45.5101800
440;-122.7432343;45.4975151
1766;-122.7440812;45.4935500
342;-122.7434629;45.4935360
1590;-122.7689679;45.5355027
609;-122.7419990;45.5234630
225;-122.7445985;45.5236144
505;-122.7354494;45.5097623
1294;-122.7833467;45.4903537
942;-122.7868710;45.5313406
398;-122.7362205;45.5084575
943;-122.7871266;45.5317399
751;-122.7396800;45.5108130
535;-122.7353379;45.5093839
990;-122.7256232;45.5096696
504;-122.7354039;45.5099577
1903;-122.7454188;45.4910078
1302;-122.7968061;45.5319202
926;-122.7451921;45.4913620
1518;-122.7447841;45.4920451
647;-122.7381050;45.5108300
470;-122.7445107;45.4928571
554;-122.7355929;45.5104459
1989;-122.7460208;45.4900220
1666;-122.7456159;45.4906895
1205;-122.7958621;45.5298960
1206;-122.7958611;45.5302880
1251;-122.7973642;45.5285959
1250;-122.7972901;45.5280591
20;-122.7353208;45.5148502
972;-122.7353180;45.5006200
971;-122.7335840;45.5005510
659;-122.7353181;45.5165368
1224;-122.7765446;45.5105376
22;-122.7680751;45.5278147
626;-122.8149009;45.5176821
683;-122.8135089;45.5190278
1539;-122.8142600;45.5183146
1538;-122.8123298;45.5202030
1867;-122.8058982;45.4916345
105;-122.7793240;45.5027759
104;-122.7756913;45.5027110
103;-122.7736625;45.5024643
913;-122.7577694;45.5338226
1796;-122.8158468;45.5209845
540;-122.7351926;45.5112399
1648;-122.7554033;45.5027885
40;-122.7761122;45.5281704
166;-122.7897315;45.5217951
858;-122.7302860;45.4935540
1175;-122.7499735;45.5040620
543;-122.7444836;45.5056409
1646;-122.7482296;45.5039613
1973;-122.7961448;45.5270129
167;-122.7888839;45.5218101
1615;-122.7399114;45.5149752
980;-122.7669112;45.4987172
2067;-122.7686018;45.4972899
272;-122.7396699;45.5164039
933;-122.7990192;45.5282919
1830;-122.7403557;45.5166487
228;-122.7596920;45.5002106
1650;-122.7587609;45.5004772
1376;-122.7579698;45.5009629
2068;-122.7693481;45.4961124
1135;-122.7696886;45.5173364
1258;-122.7692424;45.4926492
1791;-122.7287102;45.5194124
1235;-122.7469747;45.4981521
1479;-122.7717245;45.5021052
1480;-122.7727879;45.5021348
163;-122.7714940;45.5002030
164;-122.7740724;45.5003179
1913;-122.7680548;45.5271129
1912;-122.7680678;45.5274848
1817;-122.7826349;45.5001952
558;-122.7372851;45.5078240
497;-122.7335770;45.5087617
1818;-122.7826487;45.5028273
807;-122.7324420;45.5107033
46;-122.7818978;45.5231500
1804;-122.7463578;45.5008172
67;-122.7367933;45.5058542
99;-122.7649796;45.4983366
69;-122.7417094;45.5084475
47;-122.7838163;45.5231522
578;-122.7410815;45.4908129
31;-122.7804440;45.4981661
577;-122.7412094;45.4921181
1952;-122.7709354;45.5131602
1957;-122.7709354;45.5129547
1955;-122.7709353;45.5138046
1956;-122.7709354;45.5134374
460;-122.7779341;45.5099547
425;-122.7625974;45.5297818
424;-122.7622649;45.5295224
2016;-122.7695747;45.5132116
1953;-122.7709354;45.5135091
1954;-122.7695833;45.5135103
32;-122.7805983;45.4962925
33;-122.7807505;45.4951891
2015;-122.7716856;45.5134374
481;-122.7778285;45.5103627
55;-122.7889235;45.5048320
1951;-122.7717061;45.5131650
1823;-122.7831034;45.4959201
56;-122.7894181;45.5044796
1289;-122.7742415;45.4980982
127;-122.7484549;45.4929058
128;-122.7503162;45.4933584
238;-122.7644397;45.5257045
333;-122.7361646;45.5047332
474;-122.7439469;45.4963200
1819;-122.7826380;45.4910625
1455;-122.7827275;45.4928212
1536;-122.7958921;45.5062991
130;-122.7964466;45.5173128
1021;-122.7895974;45.5188599
954;-122.7902773;45.5249101
513;-122.7624030;45.5235810
1651;-122.7666060;45.4989774
827;-122.7771781;45.5287097
741;-122.7278590;45.4902550
1410;-122.7906112;45.5091775
1247;-122.7915876;45.5102993
1176;-122.7794595;45.5293268
258;-122.7277236;45.4901575
74;-122.7903169;45.5081844
1704;-122.7893825;45.5054687
722;-122.7278368;45.4897313
2026;-122.8031163;45.5234430
628;-122.7753113;45.5358377
629;-122.7749973;45.5355857
1738;-122.8041077;45.5260027
1757;-122.7680237;45.5262502
2025;-122.7960817;45.4994193
889;-122.7519594;45.4976107
1108;-122.7846915;45.5299392
1107;-122.7825556;45.5298683
1050;-122.7265533;45.4972496
594;-122.7822870;45.5043353
1290;-122.7752788;45.4975525
1797;-122.7958204;45.4999461
1203;-122.8136627;45.4937016
1017;-122.8040759;45.5295243
2029;-122.8041432;45.5277484
1439;-122.7531577;45.4941289
310;-122.7374922;45.5086991
1379;-122.8044914;45.4936874
1236;-122.7458409;45.4984285
117;-122.8044630;45.4971230
1164;-122.8045001;45.4962648
1983;-122.7690488;45.5220563
432;-122.7989349;45.5229319
1982;-122.7686149;45.5219813
1145;-122.7438226;45.4908297
1686;-122.7929945;45.5055959
1626;-122.7949792;45.5016132
1140;-122.7536905;45.4932104
1675;-122.7352290;45.4973780
1571;-122.8006087;45.5211398
978;-122.7292430;45.4973869
362;-122.7548139;45.5320648
1599;-122.7981921;45.5207868
1014;-122.8131883;45.5053528
1015;-122.8140638;45.5043971
1997;-122.7796530;45.5350830
170;-122.7789903;45.5077329
1132;-122.7793524;45.5356900
1834;-122.7696517;45.5070653
1475;-122.7904769;45.4965485
1474;-122.7894330;45.4965609
1207;-122.7958159;45.5319185
121;-122.7855365;45.4966784
122;-122.7874111;45.4965545
26;-122.7860798;45.4972961
988;-122.7863021;45.4971291
576;-122.7837013;45.5022829
1595;-122.7902106;45.4985912
1400;-122.7707846;45.4907837
1966;-122.7705623;45.4962550
1580;-122.7369294;45.5195728
1182;-122.7335552;45.5190445
144;-122.8104126;45.5005255
2074;-122.8142100;45.5260360
217;-122.7669047;45.5296579
219;-122.8071728;45.5018843
1647;-122.7544140;45.5033023
788;-122.8135715;45.4938826
1180;-122.7289930;45.5192590
430;-122.7273554;45.5137267
776;-122.7792131;45.5159774
823;-122.7806790;45.5062095
523;-122.7878356;45.4917694
1496;-122.7380770;45.4956490
1370;-122.7514036;45.4936553
1557;-122.7497870;45.5294430
883;-122.7644790;45.5237872
1367;-122.7502624;45.4963438
1366;-122.7502678;45.4976152
1402;-122.7709931;45.4872251
408;-122.7917169;45.4989661
1139;-122.7524962;45.4932086
1151;-122.7834036;45.5338183
1285;-122.7808080;45.5351180
1025;-122.7805921;45.5324024
1271;-122.7941636;45.5262340
1082;-122.7587701;45.5400497
1284;-122.7811916;45.5356398
693;-122.7986187;45.5258868
2071;-122.7687474;45.4913964
364;-122.7364769;45.5074622
1720;-122.7921309;45.5041074
1721;-122.7922362;45.5039072
355;-122.7394637;45.5092006
1902;-122.8372876;45.5306009
740;-122.7451290;45.4902924
1789;-122.7331590;45.5128440
2001;-122.7549092;45.4927302
1395;-122.7576977;45.4926087
739;-122.7438120;45.4899880
654;-122.8054319;45.5019724
1592;-122.7769086;45.5364459
1201;-122.8105435;45.4932945
172;-122.7847459;45.5032032
1354;-122.7747010;45.5275207
2141;-122.8171909;45.5291975
604;-122.8124215;45.5151854
30;-122.8154162;45.4976450
736;-122.7721000;45.5068769
759;-122.7919894;45.5167042
1520;-122.7956232;45.5149304
1930;-122.7989145;45.5315534
296;-122.7819300;45.5266619
826;-122.7772034;45.5274932
894;-122.7871315;45.5258605
1690;-122.8067237;45.5330843
1962;-122.8066108;45.4892939
921;-122.8126252;45.5239330
923;-122.8150944;45.5239328
1262;-122.8101846;45.5148109
1673;-122.8067631;45.5280088
1691;-122.8071135;45.5329570
426;-122.7926444;45.4991333
1706;-122.8068312;45.5310265
539;-122.8134569;45.5081982
1705;-122.8068507;45.5298523
1019;-122.8068503;45.5295137
2146;-122.7464502;45.4901023
538;-122.8132520;45.5084768
435;-122.8110222;45.5135968
2004;-122.8140093;45.5148553
436;-122.8093563;45.5137700
273;-122.7376020;45.5169490
574;-122.7904804;45.5049789
906;-122.7503423;45.5164677
634;-122.8063423;45.5255029
726;-122.8065388;45.5267606
837;-122.8062369;45.4894655
239;-122.8040008;45.5007874
1667;-122.7463557;45.4908364
1281;-122.8092550;45.5026180
1282;-122.8119870;45.5035693
1450;-122.8033164;45.5005599
1714;-122.7921827;45.5040089
1713;-122.7936233;45.5043494
356;-122.7420847;45.5087311
450;-122.7921777;45.4990630
1788;-122.7296406;45.5130460
1447;-122.7990613;45.5002698
2137;-122.7503702;45.4912151
42;-122.8003513;45.4999613
140;-122.8022416;45.5001897
125;-122.7493403;45.5068692
735;-122.7816630;45.4966675
2056;-122.7362327;45.5088166
712;-122.7579519;45.5381537
1328;-122.7867346;45.4976313
1083;-122.7565662;45.5365188
25;-122.7859972;45.4968255
514;-122.7624077;45.5242676
512;-122.7624010;45.5231310
1608;-122.7727684;45.5249908
1616;-122.7144328;45.4906338
682;-122.7236307;45.5051676
1919;-122.7772304;45.5087876
1856;-122.7329816;45.4907608
1088;-122.7428254;45.4908228
819;-122.7403266;45.4908108
1408;-122.7396495;45.4908037
860;-122.7752623;45.5358967
1891;-122.7369512;45.4907893
1429;-122.7267712;45.4907274
1617;-122.7314799;45.4907605
863;-122.7304904;45.4907585
1795;-122.7327138;45.4907585
861;-122.7746613;45.5356007
1075;-122.8074946;45.5151669
75;-122.7290549;45.4907690
1074;-122.8061632;45.5151690
479;-122.7785400;45.5072831
1211;-122.7417780;45.5141160
1045;-122.7267732;45.5051521
1112;-122.7473299;45.5125676
1137;-122.7473939;45.5124196
1111;-122.7474543;45.5126054
2107;-122.7809990;45.5326964
1178;-122.7419550;45.5131190
2108;-122.7803896;45.5326784
1179;-122.7422506;45.5133238
441;-122.7431911;45.4962574
1478;-122.7626891;45.4977413
412;-122.7369871;45.5197912
1489;-122.7792047;45.5153723
93;-122.7501544;45.5028585
1628;-122.7997338;45.5063907
1627;-122.7991664;45.5057032
319;-122.7739856;45.5183058
1624;-122.7909246;45.5006043
1426;-122.7849742;45.4966416
761;-122.7800298;45.4946701
265;-122.7443445;45.5232987
1420;-122.7795027;45.4937789
1425;-122.7824753;45.4960782
316;-122.7729189;45.5187501
317;-122.7729201;45.5183365
1458;-122.7793342;45.4934499
660;-122.7358877;45.5164993
29;-122.8136334;45.4981916
521;-122.7433877;45.5036274
862;-122.7303670;45.4914710
723;-122.7640478;45.5063078
162;-122.7705581;45.4952807
507;-122.7494386;45.5010995
872;-122.7524034;45.4876842
566;-122.7433930;45.4920040
565;-122.7430840;45.4924380
724;-122.7614216;45.5063638
857;-122.7302980;45.4943660
1473;-122.7882198;45.4965507
1208;-122.7491291;45.5063013
403;-122.7491594;45.5063776
1031;-122.7758313;45.5330199
304;-122.7815420;45.5094055
2020;-122.7867814;45.5349219
214;-122.7782104;45.5084135
653;-122.8058384;45.5014537
189;-122.8128938;45.4901604
1434;-122.7703501;45.5281135
1866;-122.7696446;45.5281753
320;-122.7738986;45.5187514
186;-122.7725482;45.5292900
321;-122.7740475;45.5192301
318;-122.7741794;45.5187524
1308;-122.7730122;45.4995521
1873;-122.7788065;45.5086008
2123;-122.8138912;45.5305257
1901;-122.8092889;45.5200215
402;-122.7491826;45.5064359
656;-122.7873158;45.5016323
2102;-122.7952269;45.5319259
1974;-122.7474460;45.5042844
171;-122.7808036;45.5057510
1133;-122.7799909;45.5357966
824;-122.7796731;45.5057932
452;-122.7637512;45.4971284
451;-122.7638153;45.4963581
618;-122.7317781;45.4939487
351;-122.7696442;45.5195716
703;-122.7475524;45.5111700
617;-122.7315450;45.4944820
1761;-122.7792624;45.5373380
353;-122.7717233;45.5195781
221;-122.8047535;45.5010137
1835;-122.8148289;45.4896478
352;-122.7707413;45.5195794
1330;-122.7996974;45.5278705
453;-122.7654264;45.4973849
365;-122.7363793;45.5079292
673;-122.7913654;45.4909211
728;-122.7921592;45.4865473
1561;-122.8157406;45.5324872
1275;-122.8129246;45.5325015
1777;-122.7685130;45.5067792
561;-122.7357075;45.5080519
1802;-122.7417409;45.4899730
1388;-122.8119232;45.5325046
1437;-122.7928371;45.5281726
1669;-122.7928170;45.5264541
1562;-122.7561845;45.5030785
1079;-122.7905359;45.5336968
1078;-122.7905114;45.5332202
1269;-122.7942379;45.5198882
898;-122.7737020;45.5280900
18;-122.7800682;45.5269994
1012;-122.7888663;45.5260657
838;-122.7903085;45.5262349
1776;-122.7977728;45.5256690
495;-122.7132223;45.5067673
1811;-122.7661305;45.5294251
1435;-122.7707200;45.5286115
1244;-122.7942614;45.5228612
185;-122.7725445;45.5282851
756;-122.7714052;45.5284889
2091;-122.7920754;45.4910411
2142;-122.7221219;45.5079369
637;-122.8122083;45.5255332
639;-122.8140345;45.5264768
873;-122.7928372;45.5285768
875;-122.7928137;45.5295373
636;-122.8096233;45.5249807
1405;-122.7788815;45.5084728
306;-122.7926777;45.5352661
1261;-122.8104961;45.5023135
831;-122.7926757;45.5362494
2061;-122.8048595;45.5365300
1260;-122.8100848;45.5029045
1614;-122.7402526;45.5166735
463;-122.8085221;45.5307324
1863;-122.7934144;45.5141046
1456;-122.7840131;45.4925609
382;-122.7935340;45.5139594
1898;-122.7940845;45.5143615
1980;-122.7840737;45.4942094
461;-122.8073647;45.5327475
462;-122.8075662;45.5322425
1961;-122.7844371;45.5200263
706;-122.7953202;45.5232463
707;-122.7942592;45.5232397
1304;-122.7905619;45.5026903
1978;-122.7906103;45.5029565
1060;-122.7458703;45.5341844
2140;-122.7484297;45.5147698
2138;-122.7494388;45.5150565
1922;-122.7952094;45.5268839
2060;-122.8048074;45.5343472
1684;-122.7636088;45.5124785
536;-122.7373030;45.4972660
1729;-122.7334839;45.5069870
1279;-122.7347588;45.5067349
615;-122.7333519;45.5069857
994;-122.7696619;45.5187287
720;-122.8056933;45.4912331
1967;-122.7624356;45.5147868
178;-122.7629405;45.5130394
1968;-122.7629461;45.5124683
1560;-122.8077868;45.4936280
58;-122.7725442;45.5187494
537;-122.7365810;45.4968070
359;-122.7453613;45.5342425
107;-122.8080899;45.5186154
771;-122.7434890;45.5249380
985;-122.8102532;45.5176789
404;-122.7870598;45.5231269
444;-122.7546729;45.4918347
1778;-122.7695899;45.5137999
1063;-122.7747923;45.5171500
644;-122.7783292;45.5353411
7;-122.7306830;45.4951561
12;-122.7354060;45.4954460
345;-122.7495970;45.5359370
1753;-122.7900958;45.5019127
465;-122.7894360;45.4948434
645;-122.7792090;45.5341170
2062;-122.7621828;45.4898931
1197;-122.7615767;45.5085595
1859;-122.8067349;45.4930017
2126;-122.7713944;45.5291579
1398;-122.7777180;45.5079585
646;-122.7792778;45.5338883
814;-122.7436009;45.5233302
344;-122.7543040;45.5352370
651;-122.7421330;45.5251950
815;-122.7429400;45.5237690
2081;-122.7745395;45.5060699
1893;-122.7745340;45.5068411
1918;-122.7745405;45.5057553
2039;-122.8005996;45.5160897
1618;-122.7650925;45.5231569
708;-122.8009129;45.5155961
2018;-122.7544524;45.5053661
1635;-122.7990448;45.5143730
1634;-122.8002140;45.5140677
1184;-122.7747459;45.5150321
195;-122.8002196;45.5249195
496;-122.7311376;45.5089629
191;-122.8119761;45.4896968
378;-122.8176883;45.5331732
5;-122.7270216;45.4951482
165;-122.7705406;45.4955700
960;-122.7728896;45.5034160
276;-122.7745456;45.5052968
349;-122.7676264;45.5195664
1276;-122.7147504;45.5010623
455;-122.7772407;45.5293103
1090;-122.7935238;45.5223185
768;-122.7897771;45.4984978
575;-122.7836983;45.5025287
1374;-122.7826542;45.5025343
662;-122.7679256;45.5302805
218;-122.7679248;45.5295559
1375;-122.7844933;45.5025335
1072;-122.7935261;45.5224781
663;-122.7679237;45.5291076
190;-122.8147724;45.4914920
553;-122.7768352;45.5034573
174;-122.7914362;45.4956812
45;-122.7266962;45.4982408
1821;-122.7858564;45.5285343
81;-122.7272974;45.4980956
98;-122.7553021;45.4981105
592;-122.7559823;45.4981860
784;-122.7539351;45.4914089
82;-122.7267980;45.4980494
1672;-122.8098207;45.5348991
1805;-122.7990528;45.4978976
43;-122.8002584;45.4979018
141;-122.8027003;45.4979185
1671;-122.8039600;45.4979226
1770;-122.7398665;45.5089328
840;-122.7516830;45.5122846
705;-122.7518375;45.5127736
698;-122.7520233;45.5131461
1043;-122.7793327;45.5021845
1073;-122.7930676;45.5224743
1071;-122.7942687;45.5224843
233;-122.7633280;45.4944101
300;-122.7580048;45.4954346
231;-122.7590828;45.4952526
286;-122.7979763;45.5102562
285;-122.7975144;45.5115033
1995;-122.7289697;45.5055468
1481;-122.7863780;45.5159071
506;-122.7355953;45.5090810
169;-122.7398289;45.5084116
168;-122.7405475;45.5082714
806;-122.7318368;45.5092869
1934;-122.7440962;45.5072886
816;-122.7446250;45.5273490
573;-122.7897614;45.5046769
738;-122.7775276;45.5082030
2005;-122.7483805;45.4918611
1332;-122.7519490;45.5277410
53;-122.8089426;45.5179226
1042;-122.7757025;45.5021545
54;-122.8093038;45.5182984
1676;-122.7756997;45.5034227
1621;-122.8113862;45.5214449
1291;-122.7515948;45.5034593
1292;-122.7527702;45.5020934
95;-122.7523334;45.5016060
1421;-122.7544447;45.5055444
1847;-122.7500633;45.5029101
1136;-122.7798044;45.5173634
193;-122.8003368;45.5250944
1322;-122.7525145;45.5137255
1436;-122.7437493;45.5084719
332;-122.7419354;45.4979408
143;-122.7934705;45.5046518
4;-122.7398717;45.4977682
3;-122.7390160;45.4978750
1209;-122.7469455;45.5052456
1558;-122.7459308;45.5049385
464;-122.7840377;45.5097053
1;-122.7355463;45.4979553
1726;-122.8143308;45.5194845
1323;-122.7525097;45.5114804
1908;-122.8083067;45.5042603
1801;-122.8107117;45.5051108
1759;-122.7336356;45.4979483
1324;-122.7518466;45.5102882
787;-122.8130602;45.4948676
331;-122.7369680;45.5082551
1748;-122.7490274;45.4909556
782;-122.7494343;45.4915051
991;-122.7317641;45.5092375
478;-122.7269099;45.4981946
1807;-122.8074885;45.5020034
899;-122.7748259;45.5278957
1353;-122.7746600;45.5297224
1280;-122.8086874;45.5024291
256;-122.7753275;45.5231496
255;-122.7753083;45.5221774
1440;-122.7539438;45.4923199
482;-122.7532865;45.5158261
1822;-122.7858335;45.5292487
483;-122.7540774;45.5163323
957;-122.7805709;45.5296422
1933;-122.7513451;45.5108597
330;-122.7372748;45.5084088
556;-122.7570062;45.5054909
1513;-122.7696851;45.5078402
1512;-122.7690248;45.5079036
1654;-122.7583117;45.5054402
695;-122.7987384;45.5260610
1488;-122.7794943;45.5153732
700;-122.7504723;45.5122118
1491;-122.7768620;45.5153654
363;-122.7620960;45.5298057
384;-122.8026621;45.5174292
1923;-122.7484118;45.4955664
904;-122.7529705;45.5155563
1927;-122.7483643;45.4976982
207;-122.8065884;45.5073802
2094;-122.8091650;45.5287781
70;-122.7442061;45.5077872
635;-122.8084416;45.5249848
867;-122.7459324;45.5071216
1160;-122.8094225;45.5092224
2093;-122.8091542;45.5275760
1604;-122.8160445;45.5043514
1602;-122.8128851;45.5029956
1589;-122.8085382;45.5079625
1588;-122.8089103;45.5082331
1013;-122.7776469;45.5107962
72;-122.7913999;45.5076615
773;-122.7780298;45.5112704
642;-122.7995581;45.5248038
68;-122.7922059;45.5163189
1924;-122.7476892;45.4955932
303;-122.7861139;45.5110774
64;-122.7969455;45.4969781
938;-122.7713260;45.5004167
1406;-122.7776247;45.5080842
752;-122.7414690;45.5108194
1582;-122.7709173;45.5002037
1700;-122.7976821;45.5004358
515;-122.8332159;45.5287971
1483;-122.8126223;45.5236275
1482;-122.7347368;45.5093042
1581;-122.7710613;45.4994680
1564;-122.8085620;45.5322090
480;-122.7784934;45.5070453
142;-122.7956395;45.5049524
1849;-122.8082694;45.5331968
161;-122.7693256;45.4952323
1213;-122.7853029;45.5205352
912;-122.7409036;45.5145463
1336;-122.8095487;45.5314128
1649;-122.7574088;45.5013324
1668;-122.7579875;45.5027202
762;-122.7273673;45.5205806
1840;-122.7558670;45.5346360
493;-122.7274771;45.5197817
1601;-122.8033735;45.5058398
1629;-122.8003002;45.5070913
1154;-122.7997646;45.5083191
1076;-122.7853335;45.5374754
57;-122.7725547;45.5195456
1878;-122.8079101;45.5050081
210;-122.8053432;45.5050400
1877;-122.8043668;45.5054409
2080;-122.7707411;45.5056400
86;-122.7723888;45.4923516
1800;-122.8104153;45.5059036
259;-122.7813014;45.5065123
1985;-122.8013539;45.5149403
85;-122.7723286;45.4953110
337;-122.7403959;45.4994623
1959;-122.7412770;45.4992610
80;-122.7469982;45.5170714
667;-122.7781802;45.5303731
123;-122.7271970;45.5209310
801;-122.7909259;45.5195974
668;-122.7753744;45.5303236
2144;-122.7761475;45.5152795
810;-122.7747553;45.5138284
666;-122.7793065;45.5303869
1293;-122.7730216;45.4981599
179;-122.7883689;45.5314467
180;-122.7884210;45.5318825
468;-122.7800735;45.5072574
557;-122.7627480;45.5300624
993;-122.7332330;45.4954030
1814;-122.7976405;45.4949556
984;-122.7642140;45.5346400
992;-122.7323633;45.4957172
1526;-122.7825817;45.5293856
1470;-122.7824790;45.5313119
1662;-122.7823863;45.5281594
1044;-122.7233470;45.5062410
472;-122.7826172;45.5287683
1607;-122.8134471;45.4930103
1693;-122.8139135;45.4931871
986;-122.7328608;45.4930259
1708;-122.7900284;45.5072689
477;-122.7483722;45.5194831
1382;-122.8107686;45.5012287
1381;-122.8099926;45.5019761
780;-122.7935894;45.4902915
1110;-122.8117758;45.5000196
145;-122.8111364;45.5008539
371;-122.7827690;45.5335572
370;-122.7824148;45.5329848
1335;-122.7824252;45.5324413
1428;-122.7776344;45.5068655
1338;-122.7432180;45.4992160
832;-122.7432870;45.4984732
1339;-122.7423960;45.5042388
1687;-122.7356570;45.5090174
1889;-122.8088095;45.5346590
1888;-122.8073777;45.5341383
1530;-122.7894421;45.4909841
687;-122.7908816;45.4911085
1449;-122.8018563;45.5000739
2139;-122.8013110;45.5009038
2128;-122.8031462;45.5166137
1794;-122.7329581;45.4916418
1555;-122.7783991;45.4911139
1793;-122.7329794;45.4923872
1929;-122.7988888;45.5302906
709;-122.8018823;45.5157032
987;-122.7331118;45.4928655
181;-122.7729561;45.5334800
571;-122.7875832;45.5033142
448;-122.8084008;45.4896946
1257;-122.8107893;45.4896175
845;-122.7894347;45.5240201
357;-122.7335781;45.5297103
1896;-122.7888400;45.5248567
963;-122.7730689;45.4987720
1397;-122.7791273;45.5035011
1415;-122.7766510;45.4956622
1852;-122.7737779;45.5354188
1845;-122.7727087;45.5354182
1423;-122.7769106;45.4910718
1422;-122.7769669;45.4938006
552;-122.7772494;45.5037561
689;-122.7770056;45.5039304
271;-122.7437132;45.5407915
1664;-122.7731471;45.5041258
1663;-122.7727450;45.5041284
1191;-122.7762233;45.5068631
1192;-122.7965105;45.5143383
579;-122.7701895;45.5240874
1645;-122.7691011;45.5240872
1709;-122.7866311;45.5082789
1632;-122.7720551;45.5232777
1220;-122.7724365;45.5230915
1256;-122.7783898;45.5066480
962;-122.7740311;45.4995659
959;-122.7699998;45.5035239
305;-122.7798589;45.5088060
676;-122.8120723;45.5076744
1643;-122.8148886;45.5087302
1005;-122.7885688;45.5124472
2077;-122.7917272;45.5259187
66;-122.7378917;45.5071508
2041;-122.7919017;45.5164587
803;-122.7834097;45.5155726
409;-122.7917437;45.4993026
138;-122.7905834;45.5076613
73;-122.7910980;45.5080346
2011;-122.7826277;45.5154129
139;-122.7911092;45.5083629
299;-122.7505477;45.5152210
394;-122.7786866;45.5087200
1792;-122.7336830;45.4924860
297;-122.7517217;45.5133706
1098;-122.7774767;45.5082639
298;-122.7511600;45.5149376
1746;-122.7407201;45.5047029
134;-122.7501633;45.5047778
1174;-122.7504508;45.5058155
1653;-122.7584755;45.5054384
340;-122.7431584;45.4946465
1745;-122.7407647;45.5045430
675;-122.7914462;45.4945222
581;-122.8050260;45.5302690
1095;-122.7937381;45.4865449
781;-122.7930572;45.4905082
766;-122.7918173;45.4933243
580;-122.8054343;45.5303735
562;-122.7960428;45.4961877
1492;-122.7868080;45.5063586
1372;-122.7859274;45.5058835
270;-122.7412424;45.5347584
131;-122.8022155;45.4962604
1310;-122.7872724;45.5069278
852;-122.8033421;45.4962590
696;-122.7525488;45.5131317
610;-122.7418530;45.5245470
755;-122.7715149;45.5273425
1644;-122.8098839;45.5073781
208;-122.8063779;45.5064795
1670;-122.8145104;45.5007233
1346;-122.7334530;45.5186774
1312;-122.8006564;45.5233773
1313;-122.8006684;45.5231838
1116;-122.8005347;45.5232426
1321;-122.7527858;45.5153986
1642;-122.7527974;45.5131357
1158;-122.8051181;45.5084986
1383;-122.8114918;45.5005224
737;-122.7762818;45.5078463
2133;-122.7781648;45.4921813
1554;-122.7781789;45.4910872
774;-122.7781680;45.5114034
1810;-122.7661449;45.5288817
71;-122.7946820;45.5094056
568;-122.8131467;45.5097471
541;-122.7343949;45.5113931
763;-122.7275458;45.5198825
102;-122.7965722;45.5098496
203;-122.8052138;45.5110438
1414;-122.8114795;45.5099648
1413;-122.8100115;45.5104166
2087;-122.7703490;45.4986976
173;-122.7877077;45.5016488
674;-122.7914640;45.4913243
1743;-122.7254220;45.5206550
2000;-122.7918918;45.5019858
2120;-122.7780074;45.5247061
1625;-122.7923096;45.5009509
1911;-122.7894399;45.4908282
2109;-122.7983717;45.5178842
599;-122.8113202;45.5219540
1226;-122.7953413;45.5110761
1233;-122.7539642;45.4909610
1234;-122.7545205;45.4909519
1229;-122.7945591;45.5108260
287;-122.7575499;45.4910096
1887;-122.7798535;45.5137462
1548;-122.7952179;45.4991984
158;-122.7959193;45.4977792
1549;-122.7955567;45.4985433
786;-122.8193072;45.5338488
1976;-122.7871224;45.5241758
1760;-122.7738320;45.5337696
328;-122.7727292;45.5337788
392;-122.7364604;45.4950254
1864;-122.7984084;45.4949609
439;-122.8148549;45.5120274
1639;-122.7944317;45.4922758
1314;-122.7689458;45.5235992
1315;-122.7705221;45.5235391
2012;-122.7684341;45.4898838
834;-122.8109347;45.5312859
835;-122.8119234;45.5312779
372;-122.7546800;45.4975357
1886;-122.7655058;45.5150966
374;-122.7580938;45.4962493
559;-122.7552433;45.5180363
2010;-122.7785346;45.5001858
1813;-122.7660779;45.5310045
1831;-122.7694334;45.5310480
661;-122.7679239;45.5310073
1351;-122.7979964;45.5176405
49;-122.7584749;45.5060477
859;-122.7304170;45.4922580
1086;-122.7426822;45.4918593
1824;-122.7420216;45.4918517
62;-122.7959525;45.4969791
1094;-122.7930130;45.4899627
1996;-122.7332880;45.5050650
1826;-122.7697953;45.5314642
2031;-122.8037708;45.5310348
2057;-122.8052103;45.5310241
489;-122.8023184;45.5310422
1986;-122.8034046;45.5149576
1825;-122.7437122;45.4921059
1326;-122.7874135;45.4918629
2045;-122.8036070;45.4896441
1023;-122.8045744;45.4893418
2044;-122.8024239;45.4900644
1511;-122.7714550;45.5065743
949;-122.7737810;45.4945997
585;-122.7615449;45.5100878
597;-122.7583903;45.5077167
820;-122.7403078;45.4911592
1331;-122.7489520;45.5252390
415;-122.7489648;45.5251072
778;-122.7696220;45.5159528
866;-122.7453145;45.5076336
63;-122.7964421;45.4969774
1162;-122.8198021;45.5082794
1942;-122.7619149;45.4896646
598;-122.7608394;45.5071171
2127;-122.7773682;45.5334446
1620;-122.8120814;45.5217035
1943;-122.7619740;45.4879108
1619;-122.8118015;45.5215992
821;-122.7395590;45.4917350
1880;-122.7947621;45.5322223
595;-122.7794537;45.5060846
777;-122.7774334;45.5159684
1692;-122.7754357;45.5099628
1631;-122.8128312;45.5130179
438;-122.8134112;45.5127533
1329;-122.8143322;45.5130187
2135;-122.8146927;45.5131489
1884;-122.7897170;45.5320486
494;-122.7284598;45.5195244
602;-122.8102783;45.5144938
437;-122.8089138;45.5142055
1230;-122.8065132;45.5135374
200;-122.8045294;45.5133352
434;-122.8113600;45.5138734
1892;-122.7948270;45.5220481
1881;-122.7830966;45.5210310
1756;-122.8034628;45.5132405
1640;-122.7984963;45.5135779
1754;-122.7988221;45.5134435
1755;-122.8024642;45.5131569
1193;-122.7974023;45.5138615
137;-122.7671262;45.5163495
1305;-122.7947729;45.5129577
1717;-122.7963723;45.5211857
1716;-122.7965465;45.5210852
1722;-122.7983385;45.5216628
1723;-122.7981952;45.5215438
136;-122.7664217;45.5162219
458;-122.7869337;45.5100633
312;-122.7909805;45.5124516
1905;-122.7408144;45.5080830
1885;-122.7647662;45.5153100
1882;-122.7618400;45.5153211
812;-122.7835007;45.5089946
503;-122.7440912;45.5069128
973;-122.7664734;45.5334338
534;-122.7280967;45.4922099
1385;-122.7294040;45.4922070
1660;-122.7840551;45.5443222
473;-122.7847689;45.5288011
2084;-122.7749059;45.5260903
614;-122.8095921;45.5237839
2003;-122.7648560;45.5354140
608;-122.8098677;45.5337982
1533;-122.7506470;45.5278660
1572;-122.8020245;45.5219917
1167;-122.7946792;45.4937414
1531;-122.7493920;45.5267670
1532;-122.7502480;45.5276520
1865;-122.7972933;45.5174856
1342;-122.7149577;45.5191360
1417;-122.7753211;45.5006180
605;-122.8095637;45.5307061
2006;-122.7784608;45.5006027
606;-122.8098620;45.5314083
1212;-122.7852934;45.5200311
888;-122.8093562;45.5154632
1264;-122.7805419;45.5204512
887;-122.8061801;45.5141737
361;-122.7545534;45.5322032
1350;-122.7974881;45.5175903
247;-122.8080779;45.5345407
124;-122.7225060;45.5250230
1196;-122.7516256;45.5189573
1263;-122.7804990;45.5191402
1001;-122.7804132;45.5188335
847;-122.7651328;45.4911060
1815;-122.7618289;45.4910684
288;-122.7608381;45.4910681
1570;-122.8101717;45.5145225
34;-122.7427147;45.5030784
1317;-122.8093429;45.5086959
1318;-122.8097463;45.5085582
982;-122.7843468;45.5018713
1242;-122.8060712;45.4963055
757;-122.7913755;45.5197413
839;-122.7911205;45.5263276
688;-122.7912356;45.4911427
649;-122.7648066;45.5296552
1225;-122.7770368;45.5106856
1485;-122.8117388;45.5259739
2083;-122.8103533;45.5259092
789;-122.8110532;45.4943564
2101;-122.8158730;45.5207411
1214;-122.7784656;45.5042310
1215;-122.7790637;45.5043630
1981;-122.8014524;45.4896974
1114;-122.7961949;45.5229345
1652;-122.7667418;45.4988611
1559;-122.8055740;45.4946124
989;-122.7214775;45.5082364
764;-122.8083937;45.5350360
1298;-122.8093296;45.5354570
2053;-122.7697545;45.4978783
393;-122.7364170;45.4946220
1296;-122.8100087;45.5384477
1517;-122.7273963;45.5109906
1035;-122.7791786;45.5322965
1036;-122.7790259;45.5321794
222;-122.7447050;45.5217488
1029;-122.7664421;45.5322656
1024;-122.7805946;45.5323392
1032;-122.7756935;45.5328747
1026;-122.7805870;45.5326243
1243;-122.8066602;45.4946183
230;-122.8038167;45.5260886
1303;-122.7895774;45.5034599
1960;-122.8016941;45.4900499
223;-122.7466751;45.5229186
1295;-122.7832187;45.4892250
1594;-122.7867841;45.4892250
1306;-122.8015470;45.4897640
2046;-122.7667077;45.5018859
564;-122.7984364;45.4962757
373;-122.7554487;45.4960630
1947;-122.7549910;45.4958140
511;-122.7975995;45.4951063
237;-122.7638435;45.5255294
236;-122.7633513;45.5256949
129;-122.7929324;45.5165127
871;-122.7527365;45.4905855
770;-122.7282810;45.4928470
691;-122.7492755;45.5173484
944;-122.7854427;45.5193887
1935;-122.7463943;45.5069089
1587;-122.7641403;45.5018237
147;-122.7423610;45.5347840
79;-122.7473595;45.5172924
1573;-122.7342067;45.5134742
1574;-122.7352926;45.5134747
731;-122.7375390;45.4969340
732;-122.7381520;45.4967310
422;-122.7580513;45.5226992
518;-122.7579460;45.5231750
417;-122.7556854;45.5253939
1121;-122.7610156;45.5123465
1507;-122.7595769;45.5142287
1900;-122.8033821;45.5136152
528;-122.7346193;45.5070124
529;-122.7349317;45.5069492
155;-122.8028982;45.4937010
1490;-122.7774273;45.5153670
1141;-122.7789310;45.5084091
1365;-122.8121082;45.5368607
89;-122.8084745;45.5339807
843;-122.7904938;45.5211693
844;-122.7915281;45.5211781
442;-122.7580320;45.5195740
419;-122.7557107;45.5195851
603;-122.8104569;45.5146314
920;-122.7894581;45.4921248
1333;-122.7743000;45.5221791
1556;-122.7792660;45.4917714
1227;-122.7987871;45.5120437
101;-122.7964370;45.5112992
100;-122.7981236;45.5117549
201;-122.8046739;45.5125227
743;-122.7673938;45.5085914
897;-122.7690066;45.5086889
975;-122.7662258;45.5086091
1185;-122.7637327;45.5091073
526;-122.7600466;45.5113095
1186;-122.7632732;45.5092802
1287;-122.7484371;45.4948261
250;-122.7815696;45.5159101
905;-122.7515392;45.5162912
1860;-122.7494991;45.5163133
1105;-122.7490159;45.5162170
1217;-122.7494473;45.4948513
902;-122.7458345;45.5159544
901;-122.7475390;45.5159501
591;-122.8097580;45.5299568
590;-122.8091251;45.5298417
249;-122.7453347;45.5157347
1216;-122.7495952;45.4954597
525;-122.7609330;45.5105764
28;-122.8032155;45.4897531
27;-122.8034297;45.4903857
1039;-122.7916960;45.5295404
348;-122.7671499;45.5195572
734;-122.7671432;45.5173818
1444;-122.7671246;45.5159810
2042;-122.7688909;45.5017192
846;-122.7894531;45.5231359
1240;-122.7448952;45.4976447
841;-122.7448714;45.4968635
2033;-122.7446526;45.4989854
1286;-122.7443540;45.4947634
475;-122.7443504;45.4963005
744;-122.7674269;45.5067317
226;-122.7456164;45.5244907
1540;-122.7691703;45.5351913
2064;-122.7676936;45.5012724
670;-122.7761186;45.5338276
1239;-122.7681967;45.4918755
246;-122.7484912;45.4943358
672;-122.7929244;45.5153503
1228;-122.7931368;45.5150813
261;-122.7927834;45.5155349
1568;-122.7764608;45.5132120
1569;-122.7785828;45.5131914
1183;-122.7613307;45.5079022
1143;-122.8102258;45.5169474
622;-122.8102286;45.5164823
621;-122.8102200;45.5162039
1345;-122.7341170;45.5191682
106;-122.8099708;45.5189369
1246;-122.7915302;45.5228409
1149;-122.7978724;45.5257070
1596;-122.7758014;45.5270016
1655;-122.7581347;45.5054470
952;-122.8055342;45.4988395
2040;-122.7148605;45.5225947
1984;-122.8023581;45.5202151
467;-122.7792447;45.5068415
433;-122.7988788;45.5233977
563;-122.7964429;45.4962487
2089;-122.8096241;45.5249059
293;-122.7995114;45.5219516
1909;-122.7915315;45.5232275
498;-122.7992180;45.5029787
1119;-122.7382560;45.5046765
1288;-122.7850424;45.5255918
1368;-122.7940226;45.4903136
1459;-122.7469058;45.5178460
476;-122.7472413;45.5183033
1278;-122.7323533;45.5025990
1622;-122.7854503;45.5335990
1392;-122.7857727;45.5333828
334;-122.7364307;45.5042590
1876;-122.7439922;45.5157707
1502;-122.7666639;45.4987010
1432;-122.8120726;45.5231165
1431;-122.8118790;45.5221360
241;-122.7461649;45.5136965
760;-122.7791944;45.4948687
1255;-122.7790951;45.4977189
1575;-122.8103059;45.5193028
1506;-122.7757734;45.5329570
1130;-122.7751645;45.5337906
1583;-122.7454614;45.4992460
750;-122.7826027;45.5289916
1839;-122.7548288;45.5344478
658;-122.8024109;45.5264967
2027;-122.7940650;45.5341039
2028;-122.7940833;45.5331876
1472;-122.7987562;45.5258809
694;-122.7985625;45.5259383
1059;-122.7826256;45.4892240
569;-122.8191713;45.5086913
1697;-122.7833027;45.5208395
2124;-122.7814634;45.4892187
1783;-122.7870283;45.5232520
405;-122.7882625;45.5231114
1056;-122.7896223;45.5204920
1992;-122.7824016;45.5147811
1153;-122.7987458;45.5081762
1157;-122.8040337;45.5082829
1469;-122.7714752;45.5298138
492;-122.7446671;45.5085452
1641;-122.7790900;45.5216810
1932;-122.7790425;45.5197337
367;-122.7948039;45.5295431
2075;-122.8135964;45.5261409
1200;-122.8132776;45.5259806
10;-122.7913233;45.5160921
1999;-122.8063233;45.5254133
1661;-122.7799895;45.5281363
1740;-122.7605863;45.5335345
400;-122.7371342;45.5119995
2048;-122.7667622;45.5033958
805;-122.7830933;45.5146605
1006;-122.7634672;45.5009689
1007;-122.7633734;45.4998146
2097;-122.7654771;45.5020531
2088;-122.8086985;45.5237565
401;-122.7380097;45.5120426
640;-122.8150658;45.5269307
619;-122.7646269;45.5323183
853;-122.8033391;45.4938898
1987;-122.7370680;45.4964580
2113;-122.7366040;45.4961970
641;-122.7986628;45.5245102
198;-122.7656649;45.4985393
1484;-122.8122762;45.5254689
292;-122.8005036;45.5210792
1008;-122.7470052;45.4921951
471;-122.7469830;45.4928871
927;-122.7470081;45.4915163
229;-122.8031233;45.5240094
499;-122.7995435;45.5021936
779;-122.7954908;45.4898948
59;-122.7924711;45.4985288
1727;-122.8132547;45.5205410
411;-122.7484639;45.5111330
1857;-122.7329550;45.4901040
1739;-122.8052083;45.5256959
1715;-122.8084301;45.5249273
1842;-122.7453300;45.5232217
1011;-122.7853578;45.5259987
1790;-122.7987176;45.4937459
1297;-122.8104478;45.5367380
1890;-122.7366800;45.4936400
979;-122.7308910;45.4943753
1004;-122.7844976;45.5106411
1964;-122.7698870;45.4994858
1656;-122.7568354;45.5055002
657;-122.8013847;45.5267867
457;-122.7843146;45.5097974
153;-122.7618276;45.5194731
721;-122.7608316;45.5065492
51;-122.7647476;45.5195515
1920;-122.7318198;45.4967860
2047;-122.7666815;45.5012732
1448;-122.8013817;45.4999430
428;-122.7909539;45.5050980
429;-122.7918148;45.5047134
1163;-122.8010666;45.4962655
116;-122.8014744;45.4971036
1605;-122.8014696;45.4979137
1606;-122.8011298;45.4948481
836;-122.8057133;45.4906421
1786;-122.7797789;45.4896133
1785;-122.7784353;45.4896072
1349;-122.8022032;45.4906318
1846;-122.7322950;45.5009190
1872;-122.7609487;45.5064889
851;-122.7607063;45.5064997
1868;-122.7762104;45.5203768
1769;-122.7365966;45.5090675
545;-122.7446756;45.5042851
652;-122.7441580;45.5080764
418;-122.8001550;45.5249762
1218;-122.7696784;45.5208524
264;-122.7668137;45.4977193
531;-122.7602116;45.5316540
1742;-122.7563200;45.5320160
665;-122.7676308;45.5208227
1578;-122.7665791;45.5208133
2111;-122.7845497;45.5294217
2117;-122.7606376;45.5324152
671;-122.7926335;45.5148929
1113;-122.7386919;45.5056584
1916;-122.8013550;45.5287477
1438;-122.8013744;45.5277077
1070;-122.7776692;45.5186806
1053;-122.7789708;45.5067158
150;-122.7946311;45.5131386
758;-122.7915093;45.5185055
530;-122.7595220;45.5327370
1990;-122.7655328;45.5208308
791;-122.7909229;45.5193678
1037;-122.7868051;45.5181646
1677;-122.8097409;45.5343458
263;-122.7673448;45.4978909
586;-122.7908966;45.5040691
587;-122.7903979;45.5039423
792;-122.7895967;45.5193739
2095;-122.7938161;45.5289391
516;-122.8098421;45.5198987
795;-122.7867830;45.5190475
796;-122.7854698;45.5189825
794;-122.7872560;45.5190612
1657;-122.7571798;45.5054843
588;-122.7369680;45.5080379
1899;-122.7938720;45.5133777
729;-122.7910169;45.4948382
1165;-122.7938161;45.5290591
951;-122.7947621;45.5304956
446;-122.7580180;45.5206070
1148;-122.7976938;45.5268091
2058;-122.7975670;45.5268179
1752;-122.7686106;45.5233141
1998;-122.7690172;45.5229531
1020;-122.7868066;45.5185251
947;-122.7865042;45.5170987
2100;-122.7856768;45.5292500
1089;-122.8007074;45.5269664
9;-122.7885148;45.5141449
892;-122.7870159;45.5292222
2099;-122.7885121;45.5291779
1195;-122.7463311;45.5209412
1665;-122.8133006;45.5022393
1543;-122.7815116;45.5192108
1544;-122.7819743;45.5192091
1545;-122.7827634;45.5192105
1546;-122.7959570;45.5341149
1307;-122.8010195;45.4880167
282;-122.7662383;45.5231667
1547;-122.7960262;45.5331980
284;-122.7649991;45.5247828
1466;-122.7675276;45.5253127
1030;-122.7686457;45.5208307
2106;-122.7487828;45.4862681
1751;-122.7678245;45.5228740
885;-122.7672862;45.5241102
783;-122.7503605;45.4914740
2030;-122.7975233;45.5335144
797;-122.7947060;45.5331878
830;-122.7927051;45.5331649
1418;-122.7753243;45.4994376
2049;-122.7785269;45.4994093
1369;-122.7516409;45.5000226
1371;-122.7514288;45.4922771
1501;-122.7853142;45.5050106
570;-122.7861959;45.5032467
1390;-122.7514536;45.4965879
1389;-122.7513266;45.4976111
1741;-122.7603980;45.5327150
1521;-122.8108331;45.4882506
800;-122.7909176;45.5189069
650;-122.7421360;45.5251130
1273;-122.8128982;45.5287825
510;-122.7976086;45.4963109
945;-122.7854695;45.5184838
1171;-122.7854404;45.4922718
90;-122.8092151;45.5322094
607;-122.8098504;45.5322010
981;-122.7855230;45.5018609
1172;-122.7854911;45.5001995
1238;-122.7662217;45.4919923
1064;-122.7669713;45.5054057
1567;-122.7738351;45.4885965
1566;-122.7738525;45.4907651
1565;-122.7737022;45.4930125
1123;-122.7623268;45.5124534
1685;-122.7645538;45.5144006
828;-122.7807559;45.4939797
1427;-122.7489402;45.5120229
456;-122.7933284;45.4992921
701;-122.7504187;45.5120329
1812;-122.7661184;45.5302745
1949;-122.7934882;45.4988134
1946;-122.7929675;45.4918987
1274;-122.8129116;45.5305280
2121;-122.7713829;45.5303034
194;-122.8003434;45.5249153
2122;-122.8028092;45.5302803
60;-122.7931202;45.4976890
1699;-122.7437930;45.4911150
970;-122.7758036;45.5288565
2143;-122.7292483;45.4914862
769;-122.7932954;45.4947951
2125;-122.7645214;45.5302680
324;-122.7969228;45.5307959
325;-122.7969372;45.5302964
1301;-122.7969560;45.5319161
2043;-122.7692296;45.5001693
1038;-122.7896017;45.5184873
1659;-122.7412540;45.5246950
115;-122.7991724;45.4971860
199;-122.7662897;45.4987051
1854;-122.7680456;45.4975837
1504;-122.7678958;45.4940928
544;-122.7439997;45.5049884
37;-122.7631589;45.5171452
524;-122.7894581;45.4913954
154;-122.7622616;45.5175706
78;-122.7646211;45.5163775
1764;-122.7473600;45.4940253
152;-122.7625185;45.5166960
1508;-122.7667716;45.4963205
83;-122.7445722;45.5041853
742;-122.7771628;45.5057714
969;-122.7757263;45.5298607
931;-122.7781905;45.5299722
1087;-122.7426240;45.4914440
547;-122.7488854;45.4992618
1936;-122.7408017;45.5137004
77;-122.7645967;45.5176752
1853;-122.7676948;45.4980786
52;-122.7646531;45.5178287
36;-122.7628607;45.5178416
817;-122.7257016;45.5107325
39;-122.7507323;45.4993959
2085;-122.7728642;45.5264151
2115;-122.7549124;45.5023347
1689;-122.8022504;45.5331219
1270;-122.7942682;45.5220922
958;-122.7825689;45.5295719
704;-122.7512785;45.5128705
818;-122.7279418;45.5102889
697;-122.7521564;45.5131423
1519;-122.7779969;45.5322609
1497;-122.7439010;45.4892210
252;-122.7753000;45.5201673
520;-122.7440305;45.5039344
1803;-122.7464435;45.4881396
1061;-122.7754671;45.5192196
2013;-122.7132332;45.5021897
486;-122.8023667;45.5286482
582;-122.7640309;45.5287748
633;-122.7249465;45.5150497
1637;-122.7285250;45.5012950
2032;-122.7424370;45.4932340
625;-122.8136423;45.5164620
632;-122.7225046;45.5151212
2086;-122.8049239;45.5343208
343;-122.7435888;45.4930356
1018;-122.8058309;45.5295201
216;-122.7927964;45.5136880
1067;-122.7774356;45.5207475
459;-122.7656349;45.4982876
91;-122.7465743;45.5059076
251;-122.7799340;45.5173594
1069;-122.7773942;45.5205267
23;-122.7661914;45.5281908
24;-122.7656031;45.5281282
1068;-122.7774032;45.5195778
1022;-122.7444445;45.5072043
1598;-122.7995090;45.5207721
61;-122.7938209;45.4973938
484;-122.8027605;45.5273876
1049;-122.7491691;45.5213894
1500;-122.8023842;45.5062458
1499;-122.8030968;45.5071509
1156;-122.8028785;45.5082079
1311;-122.7884536;45.5057647
1277;-122.7285687;45.5022120
1707;-122.7905380;45.5089267
1188;-122.7997289;45.5022336
1958;-122.8058432;45.5231088
92;-122.7466929;45.5056835
380;-122.7793104;45.4900447
381;-122.7793115;45.4898091
15;-122.7574816;45.4901626
379;-122.7793173;45.4903184
14;-122.7545455;45.4900979
1787;-122.7784316;45.4900489
487;-122.8023550;45.5295335
485;-122.8025248;45.5278290
882;-122.7609532;45.5064343
488;-122.8023373;45.5302861
490;-122.8023175;45.5314405
522;-122.7439594;45.5024139
188;-122.7825218;45.4937470
187;-122.7815623;45.4937440
197;-122.7840621;45.4935084
196;-122.7825228;45.4935051
48;-122.7607185;45.5063994
997;-122.7754611;45.5187571
1359;-122.7593397;45.5048875
998;-122.7754655;45.5183476
1471;-122.7838881;45.5313194
1048;-122.7542000;45.5216600
833;-122.8103989;45.5312913
443;-122.7593420;45.5195760
560;-122.7574041;45.5170492
1062;-122.7747762;45.5173459
420;-122.7562301;45.5210358
445;-122.7576258;45.4918579
811;-122.7747224;45.5130364
572;-122.7886607;45.5038242
1316;-122.7880447;45.5051462
1703;-122.7352837;45.5172250
879;-122.7610395;45.4921527
16;-122.7608387;45.4900110
593;-122.7582328;45.4982870
730;-122.7919619;45.4948362
2098;-122.7608476;45.4892991
235;-122.7618307;45.5260319
725;-122.7365154;45.5101607
1965;-122.7303699;45.4882635
1869;-122.7619165;45.4970923
1971;-122.7317290;45.4930856
1915;-122.8013813;45.5274055
677;-122.7287715;45.5054801
35;-122.7437529;45.5022920
1364;-122.8119112;45.5357772
1744;-122.7561050;45.5287940
1828;-122.7317445;45.4924961
354;-122.7365573;45.5093826
369;-122.7927348;45.5322271
6;-122.7282768;45.4948661
280;-122.7915958;45.5308422
825;-122.7277679;45.4974463
368;-122.7939195;45.5322224
748;-122.7789517;45.5285437
65;-122.7978653;45.4969961
2054;-122.7779594;45.5278300
1034;-122.7979127;45.4983481
2055;-122.7790736;45.5276023
747;-122.7781393;45.5286600
1523;-122.7978612;45.4998945
1524;-122.7979153;45.4990244
793;-122.7877869;45.5191909
281;-122.7927699;45.5308275
1701;-122.7894377;45.4906852
919;-122.7888351;45.4865773
829;-122.7809202;45.4931858
911;-122.7406783;45.5142476
611;-122.8104430;45.5342659
358;-122.7353367;45.5300959
274;-122.7937911;45.5318537
910;-122.7401742;45.5141638
421;-122.7571775;45.5219840
1181;-122.7331838;45.5189732
908;-122.7353060;45.5157230
21;-122.7368597;45.5149766
366;-122.7948229;45.5288794
275;-122.7937847;45.5322229
2023;-122.7431911;45.4998258
1551;-122.7688017;45.4961324
1550;-122.7688022;45.4953264
502;-122.7426479;45.5075730
1809;-122.7431587;45.5056127
1638;-122.7945106;45.4927371
118;-122.8054182;45.4971290
1041;-122.7847979;45.5214896
1843;-122.8054181;45.4975214
1820;-122.7512618;45.5019468
94;-122.7514177;45.5021605
2069;-122.7790216;45.5145080
1040;-122.7864924;45.5200347
277;-122.7781554;45.5049966
1407;-122.7781319;45.5057749
956;-122.7343400;45.4907680
2110;-122.7988053;45.5241105
870;-122.7637733;45.5079372
38;-122.7507119;45.5010651
1430;-122.7267040;45.4893540
1424;-122.7794396;45.4936759
257;-122.7267591;45.4901835
2076;-122.8032736;45.5351767
1187;-122.7980282;45.5004843
584;-122.7637800;45.5316320
1781;-122.7969669;45.5160059
1254;-122.7779108;45.4977710
1780;-122.7967156;45.5159452
406;-122.7779107;45.4951379
583;-122.7648660;45.5317880
2096;-122.7655048;45.5323100
1782;-122.8005331;45.5177167
849;-122.7609676;45.5079427
1253;-122.7766891;45.4977711
745;-122.7896985;45.5106994
1252;-122.7752343;45.4977761
1894;-122.7871469;45.5093040
1895;-122.7885335;45.5097046
240;-122.8046431;45.5009805
1806;-122.7712655;45.5245706
1150;-122.7830872;45.5354450
1855;-122.7790119;45.5119717
914;-122.7587586;45.5389075
924;-122.7977427;45.4921241
1941;-122.7618735;45.4900055
1054;-122.7486926;45.5441749
2132;-122.7883534;45.5228705
1991;-122.7888785;45.5209419
877;-122.7927462;45.5313510
1055;-122.7897100;45.5208742
215;-122.7833027;45.5103791
1047;-122.7503137;45.5180336
96;-122.7534038;45.5005066
1441;-122.7538333;45.5005627
1442;-122.7548883;45.5006105
1027;-122.7947441;45.5313644
1841;-122.8127097;45.4947764
631;-122.7748401;45.5210225
253;-122.7754780;45.5209622
1046;-122.7498069;45.5180668
177;-122.7634916;45.5140182
601;-122.7508722;45.5064122
1808;-122.7787543;45.5276504
2021;-122.7538626;45.5018903
1584;-122.7476356;45.4963446
1925;-122.7484165;45.4963424
1928;-122.7489004;45.4963438
2134;-122.7784311;45.4865410
469;-122.7436772;45.4928460
934;-122.7706353;45.5038394
935;-122.7706506;45.5035287
1926;-122.7655461;45.5185827
936;-122.7706849;45.5028150
733;-122.7671383;45.5185727
1772;-122.7996240;45.5310565
1771;-122.7996417;45.5302955
1016;-122.7996570;45.5295448
1879;-122.7899731;45.5307021
1319;-122.7996025;45.5320344
1734;-122.7995730;45.5333798
937;-122.7707414;45.5021052
1091;-122.7997109;45.5269959
842;-122.7458396;45.4969798
1453;-122.7815654;45.4930540
932;-122.7996854;45.5282926
1327;-122.7876637;45.4969710
948;-122.7732921;45.4960454
88;-122.7902154;45.4969347
939;-122.7715865;45.4994587
1773;-122.7995467;45.5344696
1774;-122.7995306;45.5352023
1446;-122.7569634;45.4861559
2105;-122.7503709;45.4911514
940;-122.7713692;45.4987469
84;-122.7450665;45.5028426
1732;-122.7732567;45.5150277
1731;-122.7695862;45.5149909
1678;-122.7354240;45.5083192
1348;-122.7905338;45.5323373
1848;-122.7349406;45.5081460
1347;-122.7904760;45.5313977
1357;-122.8080445;45.4925441
1719;-122.7469566;45.4934296
1248;-122.7928278;45.5107654
1445;-122.7906030;45.5111679
313;-122.7917661;45.5116269
1249;-122.7923203;45.5116880
1199;-122.7641167;45.5080913
1585;-122.8032309;45.5286567
1510;-122.7662048;45.4922022
1190;-122.7966630;45.4896247
2104;-122.7929497;45.4868244
1527;-122.7928022;45.4868184
749;-122.7797492;45.5286305
767;-122.7922338;45.4910151
1528;-122.7921768;45.4904321
1758;-122.7447955;45.4908465
930;-122.7458631;45.4891134
2073;-122.7562123;45.5010717
1443;-122.7562221;45.5006288
294;-122.7769117;45.5253986
2072;-122.7562205;45.5004094
1265;-122.7805664;45.5216154
2103;-122.7923353;45.4904278
1931;-122.7752237;45.5258842
964;-122.7756970;45.5069081
965;-122.7756987;45.5057562
2119;-122.7564170;45.5236310
326;-122.7751804;45.5342392
967;-122.7758659;45.4910586
968;-122.7758804;45.4865209
966;-122.7752659;45.4941111
1914;-122.7888743;45.5200612
1057;-122.7896081;45.5200545
627;-122.7298973;45.5141418
922;-122.8139651;45.5239350
329;-122.7727634;45.5336973
327;-122.7727442;45.5338722
1486;-122.8110022;45.5270805
638;-122.8131911;45.5260524
431;-122.7285702;45.5137580
1597;-122.7728204;45.5271203
1775;-122.7994646;45.5384205
1529;-122.7816441;45.5353410
1702;-122.7901261;45.4865363
2059;-122.8067413;45.5341722
589;-122.7381359;45.5122989
262;-122.7925934;45.5157857
148;-122.8003636;45.5278791
149;-122.8003382;45.5287552
1767;-122.7454030;45.4940915
1765;-122.7454116;45.4935500
1762;-122.7443731;45.4935500
1718;-122.7469566;45.4935680
1763;-122.7443559;45.4940854
2034;-122.7335930;45.4986080
2035;-122.7353800;45.4986130
955;-122.7338650;45.4916950
449;-122.8086536;45.4883072
491;-122.7446100;45.5096863
1972;-122.7633560;45.5260840
1096;-122.7339993;45.4896125
1097;-122.7339900;45.4893220
2051;-122.8109415;45.5335213
2050;-122.8109118;45.5287912
376;-122.8109364;45.5331948
254;-122.7754210;45.5214151
802;-122.7760159;45.5214850
224;-122.7438280;45.5233772
1451;-122.7354570;45.4985212
1452;-122.7354558;45.4979550
1683;-122.8066619;45.4975321
119;-122.8066623;45.4971306
2112;-122.8028638;45.4876936
1630;-122.8133727;45.5137896
2079;-122.7655547;45.5217869
346;-122.7655336;45.5195528
2078;-122.7650692;45.5263223
1612;-122.7957055;45.5087852
1993;-122.7982021;45.5093543
1994;-122.8024277;45.5098352
204;-122.8055543;45.5102725
1907;-122.8075696;45.5104120
909;-122.7371303;45.5148496
2052;-122.7691084;45.4981385
1194;-122.7985327;45.4893038
2118;-122.7669080;45.5349820
2008;-122.7669280;45.5354070
517;-122.7991022;45.5158447
1694;-122.7253291;45.5271789
1394;-122.7793907;45.5032973
613;-122.8102538;45.5237929
1462;-122.7652802;45.4881495
1118;-122.7735557;45.5314021
1159;-122.8084565;45.5091456
1862;-122.7936054;45.5144689
1134;-122.8121364;45.4895650
1117;-122.7733068;45.5317869
596;-122.7750270;45.5071505
314;-122.7792166;45.5039617
1514;-122.7759897;45.5223726
315;-122.7797724;45.5039637
878;-122.7943312;45.5304726
876;-122.7927863;45.5304508
245;-122.8115539;45.5349775
244;-122.8122115;45.5349059
1124;-122.7647494;45.5043149
1052;-122.7662967;45.5050349
1730;-122.7352820;45.4964900
301;-122.7464604;45.5061191
1170;-122.7703292;45.5270498
1169;-122.7697434;45.5269320
132;-122.8022157;45.4948178
616;-122.7314637;45.5067136
711;-122.7567830;45.5352630
1219;-122.7722343;45.5213156
1340;-122.7734129;45.5213119
1779;-122.7946970;45.5154864
2131;-122.8003785;45.5009350
397;-122.7363410;45.5083372
1798;-122.7314285;45.5087663
350;-122.7686442;45.5195673
176;-122.7359900;45.4997690
2037;-122.8122492;45.5223412
1674;-122.7532124;45.4998221
97;-122.7536175;45.5001859
600;-122.8116371;45.5220095
1077;-122.7855955;45.5345277
2145;-122.7881872;45.5351820
1128;-122.8137073;45.5156798
110;-122.8061761;45.5162551
1126;-122.8058342;45.5162589
1127;-122.8102138;45.5154633
1168;-122.7945485;45.4929075
1129;-122.8147806;45.5155440
2070;-122.7697935;45.4917988
746;-122.7903244;45.5100610
1399;-122.7707427;45.4918144
1259;-122.7692339;45.4918084
1945;-122.7932689;45.4924622
850;-122.7598714;45.5082386
1623;-122.7738025;45.5321511
1906;-122.8022891;45.5090509
113;-122.7455128;45.5070104
1827;-122.7705259;45.5320496
690;-122.7774653;45.5042263
1412;-122.8023523;45.5106661
114;-122.7440475;45.5074313
1468;-122.8025117;45.5114428
1010;-122.8052713;45.4905629
1155;-122.8021429;45.5082430
1505;-122.7751608;45.5319433
160;-122.7683626;45.5180577
715;-122.7764457;45.5314496
159;-122.7683917;45.5195676
2038;-122.7738103;45.4972499
157;-122.7952482;45.4977010
2036;-122.8126335;45.5218563
1541;-122.7686660;45.5347600
1542;-122.7686150;45.5346110
925;-122.7976363;45.4894465
710;-122.8034189;45.5157157
1552;-122.7683920;45.5348040
702;-122.7501796;45.5117131
192;-122.8115635;45.4896417
1125;-122.7646936;45.5029485
893;-122.7870441;45.5282257
891;-122.7870183;45.5295103
1222;-122.7627617;45.5029305
1223;-122.7637659;45.5029177
388;-122.7606605;45.5013362
1391;-122.7868375;45.5335512
2019;-122.7867917;45.5344859
1784;-122.7876574;45.5200341
1387;-122.8119116;45.5305348
2090;-122.7504774;45.5107589
1977;-122.7800071;45.5277571
1477;-122.7624680;45.5000837
291;-122.8014313;45.5199011
612;-122.8122722;45.5342789
785;-122.8122526;45.5338768
377;-122.8119330;45.5331867
1874;-122.7536090;45.5280390
126;-122.7493865;45.5070125
1386;-122.8119067;45.5287850
