192;-122.7800735;45.5072574
331;-122.7844976;45.5106411
163;-122.7568354;45.5055002
150;-122.7544140;45.5033023
187;-122.7843146;45.5097974
221;-122.7900284;45.5072689
65;-122.7618276;45.5194731
286;-122.7608316;45.5065492
196;-122.7483722;45.5194831
25;-122.7647476;45.5195515
499;-122.7666815;45.5012732
89;-122.7776344;45.5068655
181;-122.7909539;45.5050980
182;-122.7918148;45.5047134
328;-122.7792131;45.5159774
353;-122.7806790;45.5062095
285;-122.7608336;45.5066937
324;-122.7609487;45.5064889
350;-122.7842773;45.5079707
108;-122.7847212;45.5063193
326;-122.7607063;45.5064997
322;-122.7762104;45.5203768
261;-122.7441580;45.5080764
116;-122.7696784;45.5208524
228;-122.7875832;45.5033142
251;-122.7911891;45.4988074
264;-122.7676308;45.5208227
76;-122.7665791;45.5208133
379;-122.7776692;45.5186806
172;-122.7791273;45.5035011
227;-122.7789708;45.5067158
445;-122.7915093;45.5185055
171;-122.7772494;45.5037561
170;-122.7770056;45.5039304
462;-122.7655328;45.5208308
169;-122.7731471;45.5041258
168;-122.7727450;45.5041284
335;-122.7909229;45.5193678
492;-122.7762233;45.5068631
440;-122.7868051;45.5181646
422;-122.7718289;45.5187391
461;-122.7718274;45.5183411
238;-122.7908966;45.5040691
336;-122.7895967;45.5193739
239;-122.7903979;45.5039423
338;-122.7867830;45.5190475
262;-122.7912804;45.4954439
213;-122.7831843;45.5204822
339;-122.7854698;45.5189825
337;-122.7872560;45.5190612
223;-122.7866311;45.5082789
165;-122.7571798;45.5054843
216;-122.7870889;45.5221705
90;-122.7783898;45.5066480
403;-122.7699998;45.5035239
123;-122.7798589;45.5088060
429;-122.7885688;45.5124472
515;-122.7917272;45.5259187
186;-122.7580180;45.5206070
433;-122.7868066;45.5185251
400;-122.7865042;45.5170987
222;-122.7570106;45.5033765
464;-122.7767111;45.5231472
4;-122.7885148;45.5141449
82;-122.7847459;45.5032032
138;-122.7774672;45.5217791
484;-122.7620444;45.5080085
235;-122.7615144;45.5078753
166;-122.7604028;45.5039031
48;-122.7815116;45.5192108
49;-122.7819743;45.5192091
348;-122.7834097;45.5155726
50;-122.7827634;45.5192105
246;-122.7917437;45.4993026
60;-122.7905834;45.5076613
36;-122.7910980;45.5080346
556;-122.7675276;45.5253127
436;-122.7686457;45.5208307
474;-122.7826277;45.5154129
106;-122.7696517;45.5062836
295;-122.7721000;45.5068769
550;-122.7480284;45.5065799
61;-122.7911092;45.5083629
119;-122.7505477;45.5152210
535;-122.7516409;45.5000226
167;-122.7786866;45.5087200
117;-122.7517217;45.5133706
7;-122.7853142;45.5050106
6;-122.7861959;45.5032467
260;-122.7774767;45.5082639
118;-122.7511600;45.5149376
219;-122.7456605;45.5067447
342;-122.7909176;45.5189069
56;-122.7501633;45.5047778
489;-122.7504508;45.5058155
275;-122.7483014;45.5177879
63;-122.7559431;45.5035902
207;-122.7483839;45.4998054
398;-122.7854695;45.5184838
414;-122.7855230;45.5018609
329;-122.7801954;45.5073168
327;-122.7808319;45.5062828
159;-122.7584755;45.5054384
463;-122.7669713;45.5054057
204;-122.7904804;45.5049789
313;-122.7503423;45.5164677
371;-122.7547142;45.5058108
475;-122.7623268;45.5124534
203;-122.7645538;45.5144006
376;-122.7491795;45.5065459
266;-122.7826506;45.5012736
390;-122.7856043;45.5012809
77;-122.7670111;45.5220613
1;-122.7868080;45.5063586
311;-122.7859274;45.5058835
270;-122.7741542;45.5013991
271;-122.7753090;45.5014052
312;-122.7872724;45.5069278
86;-122.7525488;45.5131317
549;-122.7489402;45.5120229
279;-122.7504187;45.5120329
525;-122.7527858;45.5153986
54;-122.7493403;45.5068692
147;-122.7527974;45.5131357
136;-122.7589362;45.5038631
137;-122.7589414;45.5033188
496;-122.7692296;45.5001693
296;-122.7762818;45.5078463
444;-122.7896017;45.5184873
307;-122.7781680;45.5114034
34;-122.7946820;45.5094056
111;-122.7789465;45.5046166
112;-122.7800634;45.5046945
545;-122.8131467;45.5097471
471;-122.7483799;45.5170773
14;-122.7705912;45.5088032
83;-122.7877077;45.5016488
20;-122.7631589;45.5171452
66;-122.7622616;45.5175706
39;-122.7646211;45.5163775
530;-122.7733940;45.5201422
64;-122.7625185;45.5166960
347;-122.7798535;45.5137462
382;-122.7772304;45.5087876
299;-122.7771628;45.5057714
38;-122.7645967;45.5176752
26;-122.7646531;45.5178287
19;-122.7628607;45.5178416
75;-122.7665847;45.5195571
22;-122.7507323;45.4993959
533;-122.7549124;45.5023347
366;-122.7943431;45.5135001
198;-122.7785400;45.5072831
283;-122.7512785;45.5128705
85;-122.7521564;45.5131423
3;-122.7845438;45.5125719
346;-122.7655058;45.5150966
102;-122.7753000;45.5201673
224;-122.7552433;45.5180363
378;-122.7754671;45.5192196
439;-122.7792047;45.5153723
40;-122.7501544;45.5028585
28;-122.7584749;45.5060477
133;-122.7739856;45.5183058
128;-122.7909246;45.5006043
546;-122.7795027;45.4937789
130;-122.7729189;45.5187501
131;-122.7729201;45.5183365
95;-122.7927964;45.5136880
466;-122.7774356;45.5207475
101;-122.7799340;45.5173594
468;-122.7773942;45.5205267
287;-122.7640478;45.5063078
206;-122.7494386;45.5010995
467;-122.7774032;45.5195778
288;-122.7614216;45.5063638
497;-122.7491291;45.5063013
174;-122.7491594;45.5063776
11;-122.7714550;45.5065743
240;-122.7615449;45.5100878
122;-122.7815420;45.5094055
243;-122.7583903;45.5077167
93;-122.7782104;45.5084135
255;-122.7696220;45.5159528
452;-122.7491691;45.5213894
129;-122.8030968;45.5071509
134;-122.7738986;45.5187514
244;-122.7608394;45.5071171
2;-122.7884536;45.5057647
135;-122.7740475;45.5192301
411;-122.7592528;45.5077823
220;-122.7905380;45.5089267
132;-122.7741794;45.5187524
330;-122.7788065;45.5086008
302;-122.7466929;45.5056835
242;-122.7794537;45.5060846
317;-122.7774334;45.5159684
208;-122.7754357;45.5099628
325;-122.7609532;45.5064343
334;-122.7830966;45.5210310
173;-122.7491826;45.5064359
263;-122.7873158;45.5016323
27;-122.7607185;45.5063994
57;-122.7518936;45.5057983
423;-122.7754611;45.5187571
59;-122.7671262;45.5163495
531;-122.7593397;45.5048875
529;-122.7947729;45.5129577
58;-122.7664217;45.5162219
424;-122.7754655;45.5183476
451;-122.7542000;45.5216600
188;-122.7869337;45.5100633
185;-122.7593420;45.5195760
124;-122.7909805;45.5124516
225;-122.7574041;45.5170492
345;-122.7647662;45.5153100
340;-122.7618400;45.5153211
459;-122.7747762;45.5173459
233;-122.7835007;45.5089946
81;-122.7808036;45.5057510
178;-122.7562301;45.5210358
354;-122.7796731;45.5057932
352;-122.7747224;45.5130364
229;-122.7886607;45.5038242
524;-122.7880447;45.5051462
425;-122.7776677;45.5183497
115;-122.7696442;45.5195716
281;-122.7475524;45.5111700
427;-122.7819944;45.5182445
399;-122.7854511;45.5182533
428;-122.7843977;45.5182502
426;-122.7793473;45.5188809
146;-122.7717233;45.5195781
145;-122.7707413;45.5195794
298;-122.7458270;45.5038861
254;-122.7685130;45.5067792
401;-122.7498590;45.5158657
441;-122.7638237;45.5050121
282;-122.7727053;45.5090733
290;-122.7478978;45.5022808
455;-122.7655272;45.5050887
470;-122.7647464;45.5050834
62;-122.7561845;45.5030785
226;-122.7715494;45.5223012
472;-122.7753211;45.5006180
292;-122.7491464;45.5034155
473;-122.7784608;45.5006027
259;-122.7877869;45.5191909
291;-122.7483957;45.5027327
501;-122.7852934;45.5200311
507;-122.7805419;45.5204512
179;-122.7571775;45.5219840
493;-122.7516256;45.5189573
97;-122.7804990;45.5191402
96;-122.7804132;45.5188335
544;-122.7788815;45.5084728
402;-122.7616591;45.5124447
341;-122.7615315;45.5150375
508;-122.7805879;45.5231512
505;-122.7742862;45.5231497
415;-122.7843468;45.5018713
332;-122.7935340;45.5139594
120;-122.7936459;45.5138157
319;-122.7770368;45.5106856
374;-122.7638149;45.5080836
114;-122.7632428;45.5083135
432;-122.7844371;45.5200263
503;-122.7784656;45.5042310
504;-122.7790637;45.5043630
506;-122.7905619;45.5026903
453;-122.7906103;45.5029565
554;-122.7484297;45.5147698
553;-122.7494388;45.5150565
272;-122.7787473;45.5014177
215;-122.7847979;45.5214896
269;-122.7512618;45.5019468
41;-122.7514177;45.5021605
511;-122.7790216;45.5145080
202;-122.7636088;45.5124785
446;-122.7864924;45.5200347
110;-122.7781554;45.5049966
421;-122.7696619;45.5187287
448;-122.7781319;45.5057749
437;-122.7624356;45.5147868
79;-122.7629405;45.5130394
438;-122.7629461;45.5124683
33;-122.7725442;45.5187494
375;-122.7637733;45.5079372
265;-122.7826099;45.4991358
21;-122.7507119;45.5010651
488;-122.7854123;45.4991809
536;-122.7863078;45.5053049
306;-122.7707323;45.5183225
305;-122.7707296;45.5187323
256;-122.7695899;45.5137999
460;-122.7747923;45.5171500
362;-122.7609676;45.5079427
212;-122.7595539;45.5115673
389;-122.7583275;45.5119946
522;-122.7895774;45.5034599
309;-122.7896985;45.5106994
360;-122.7871469;45.5093040
361;-122.7885335;45.5097046
245;-122.7900958;45.5019127
480;-122.7659718;45.5173867
234;-122.7615767;45.5085595
543;-122.7777180;45.5079585
551;-122.7784943;45.4986274
308;-122.7790119;45.5119717
509;-122.7587928;45.4991402
498;-122.7667077;45.5018859
519;-122.7745395;45.5060699
356;-122.7745340;45.5068411
381;-122.7745405;45.5057553
485;-122.7544524;45.5053661
491;-122.7747459;45.5150321
465;-122.7888785;45.5209419
457;-122.7897100;45.5208742
94;-122.7833027;45.5103791
527;-122.7899022;45.5129532
450;-122.7503137;45.5180336
43;-122.7534038;45.5005066
486;-122.7538333;45.5005627
534;-122.7548883;45.5006105
252;-122.7748401;45.5210225
404;-122.7728896;45.5034160
103;-122.7754780;45.5209622
109;-122.7745456;45.5052968
449;-122.7498069;45.5180668
143;-122.7676264;45.5195664
78;-122.7634916;45.5140182
323;-122.7897771;45.4984978
231;-122.7836983;45.5025287
248;-122.7508722;45.5064122
267;-122.7826542;45.5025343
538;-122.7844933;45.5025335
487;-122.7538626;45.5018903
218;-122.7768352;45.5034573
84;-122.7914362;45.4956812
393;-122.7706353;45.5038394
394;-122.7706506;45.5035287
383;-122.7655461;45.5185827
51;-122.7706849;45.5028150
293;-122.7671383;45.5185727
274;-122.7492755;45.5173484
395;-122.7707414;45.5021052
397;-122.7854427;45.5193887
410;-122.7463943;45.5069089
92;-122.7641403;45.5018237
537;-122.7559823;45.4981860
396;-122.7713692;45.4987469
29;-122.7582411;45.5060694
552;-122.7473595;45.5172924
237;-122.7732567;45.5150277
236;-122.7695862;45.5149909
277;-122.7509146;45.5134040
355;-122.7516830;45.5122846
284;-122.7518375;45.5127736
276;-122.7520233;45.5131461
447;-122.7793327;45.5021845
175;-122.7495193;45.5114847
205;-122.7966117;45.5064862
9;-122.7610156;45.5123465
250;-122.7833956;45.5155112
249;-122.7842251;45.5155341
365;-122.7846285;45.5156041
380;-122.7961363;45.5077240
406;-122.7928278;45.5107654
405;-122.7906030;45.5111679
125;-122.7917661;45.5116269
494;-122.7641167;45.5080913
8;-122.7595769;45.5142287
514;-122.7562123;45.5010717
513;-122.7562221;45.5006288
512;-122.7562205;45.5004094
318;-122.7774273;45.5153670
140;-122.7805664;45.5216154
364;-122.7863780;45.5159071
377;-122.7441052;45.5076715
386;-122.7538543;45.5150963
481;-122.7789310;45.5084091
357;-122.7756970;45.5069081
407;-122.7756987;45.5057562
358;-122.7904938;45.5211693
359;-122.7915281;45.5211781
184;-122.7580320;45.5195740
177;-122.7557107;45.5195851
373;-122.7888743;45.5200612
372;-122.7896081;45.5200545
454;-122.7914605;45.5030695
230;-122.7897614;45.5046769
91;-122.7639390;45.5009734
409;-122.7662595;45.5071441
443;-122.7627498;45.5009346
539;-122.7626111;45.5009307
98;-122.7614356;45.5008968
368;-122.7618030;45.5009269
162;-122.7594996;45.5008799
297;-122.7775276;45.5082030
158;-122.7606662;45.5008967
517;-122.7582548;45.5038453
516;-122.7582967;45.5048997
300;-122.7673938;45.5085914
194;-122.7757025;45.5021545
253;-122.7690066;45.5086889
408;-122.7662258;45.5086091
193;-122.7756997;45.5034227
113;-122.7637327;45.5091073
370;-122.7515948;45.5034593
211;-122.7600466;45.5113095
435;-122.7632732;45.5092802
369;-122.7527702;45.5020934
42;-122.7523334;45.5016060
100;-122.7815696;45.5159101
388;-122.7515392;45.5162912
314;-122.7494991;45.5163133
315;-122.7490159;45.5162170
548;-122.7544447;45.5055444
304;-122.7500633;45.5029101
316;-122.7475390;45.5159501
479;-122.7798044;45.5173634
384;-122.7525145;45.5137255
532;-122.7771260;45.5101800
210;-122.7609330;45.5105764
303;-122.7469455;45.5052456
190;-122.7840377;45.5097053
385;-122.7525097;45.5114804
526;-122.7518466;45.5102882
142;-122.7671499;45.5195572
294;-122.7671432;45.5173818
547;-122.7671246;45.5159810
495;-122.7688909;45.5017192
301;-122.7674269;45.5067317
105;-122.7753275;45.5231496
16;-122.7753083;45.5221774
510;-122.7676936;45.5012724
200;-122.7532865;45.5158261
201;-122.7540774;45.5163323
104;-122.7754210;45.5214151
344;-122.7760159;45.5214850
209;-122.7765446;45.5105376
520;-122.7655547;45.5217869
392;-122.7513451;45.5108597
164;-122.7570062;45.5054909
13;-122.7696851;45.5078402
141;-122.7655336;45.5195528
528;-122.7931368;45.5150813
12;-122.7690248;45.5079036
67;-122.7764608;45.5132120
68;-122.7785828;45.5131914
490;-122.7613307;45.5079022
47;-122.7793240;45.5027759
160;-122.7583117;45.5054402
46;-122.7756913;45.5027110
45;-122.7736625;45.5024643
558;-122.7794943;45.5153732
278;-122.7504723;45.5122118
151;-122.7554033;45.5027885
559;-122.7768620;45.5153654
73;-122.7897315;45.5217951
149;-122.7499735;45.5040620
148;-122.7482296;45.5039613
540;-122.7793907;45.5032973
74;-122.7888839;45.5218101
161;-122.7581347;45.5054470
191;-122.7792447;45.5068415
156;-122.7669112;45.4987172
99;-122.7596920;45.5002106
154;-122.7587609;45.5004772
153;-122.7579698;45.5009629
10;-122.7750270;45.5071505
126;-122.7792166;45.5039617
15;-122.7759897;45.5223726
127;-122.7797724;45.5039637
195;-122.7472413;45.5183033
478;-122.7696886;45.5173364
387;-122.7529705;45.5155563
476;-122.7647494;45.5043149
456;-122.7662967;45.5050349
53;-122.7717245;45.5021052
52;-122.7727879;45.5021348
71;-122.7714940;45.5002030
72;-122.7740724;45.5003179
247;-122.7442061;45.5077872
268;-122.7826487;45.5028273
23;-122.7818978;45.5231500
320;-122.7776469;45.5107962
35;-122.7913999;45.5076615
321;-122.7780298;45.5112704
44;-122.7649796;45.4983366
18;-122.7722343;45.5213156
17;-122.7734129;45.5213119
24;-122.7838163;45.5231522
413;-122.7709354;45.5131602
420;-122.7709354;45.5129547
418;-122.7709353;45.5138046
419;-122.7709354;45.5134374
189;-122.7779341;45.5099547
180;-122.7625974;45.5297818
483;-122.7695747;45.5132116
416;-122.7709354;45.5135091
121;-122.7861139;45.5110774
417;-122.7695833;45.5135103
482;-122.7716856;45.5134374
88;-122.7713260;45.5004167
333;-122.7776247;45.5080842
197;-122.7778285;45.5103627
30;-122.7889235;45.5048320
87;-122.7709173;45.5002037
412;-122.7717061;45.5131650
31;-122.7894181;45.5044796
199;-122.7784934;45.5070453
144;-122.7686442;45.5195673
502;-122.7853029;45.5205352
214;-122.7833027;45.5208395
434;-122.7895974;45.5188599
152;-122.7574088;45.5013324
155;-122.7666060;45.4989774
183;-122.7579875;45.5027202
257;-122.7870283;45.5232520
542;-122.7906112;45.5091775
541;-122.7915876;45.5102993
37;-122.7903169;45.5081844
458;-122.7896223;45.5204920
469;-122.7824016;45.5147811
217;-122.7893825;45.5054687
139;-122.7790900;45.5216810
310;-122.7903244;45.5100610
391;-122.7790425;45.5197337
363;-122.7598714;45.5082386
5;-122.7913233;45.5160921
500;-122.7667622;45.5033958
273;-122.7774653;45.5042263
32;-122.7725547;45.5195456
241;-122.7822870;45.5043353
518;-122.7707411;45.5056400
349;-122.7830933;45.5146605
430;-122.7634672;45.5009689
107;-122.7813014;45.5065123
431;-122.7633734;45.4998146
523;-122.7654771;45.5020531
70;-122.7683626;45.5180577
69;-122.7683917;45.5195676
343;-122.7909259;45.5195974
280;-122.7501796;45.5117131
80;-122.7789903;45.5077329
289;-122.7696517;45.5070653
477;-122.7646936;45.5029485
557;-122.7761475;45.5152795
351;-122.7747553;45.5138284
367;-122.7627617;45.5029305
442;-122.7637659;45.5029177
157;-122.7606605;45.5013362
258;-122.7876574;45.5200341
176;-122.7484639;45.5111330
232;-122.7837013;45.5022829
521;-122.7504774;45.5107589
555;-122.7624680;45.5000837
55;-122.7493865;45.5070125
